Bearing:  353.565260849
133 -15 122.36 -13.8
133 -15 122.36 -13.8
133 -14 122.36 -12.88
133 -15 122.36 -13.8
133 -14 122.36 -12.88
132 -14 121.44 -12.88
132 -14 121.44 -12.88
133 -14 122.36 -12.88
132 -15 121.44 -13.8
132 -15 121.44 -13.8
133 -15 122.36 -13.8
132 -15 121.44 -13.8
132 -14 121.44 -12.88
132 -14 121.44 -12.88
133 -14 122.36 -12.88
133 -14 122.36 -12.88
133 -15 122.36 -13.8
132 -15 121.44 -13.8
132 -15 121.44 -13.8
132 -13 121.44 -11.96
132 -14 121.44 -12.88
134 -13 123.28 -11.96
132 -14 121.44 -12.88
133 -13 122.36 -11.96
133 -14 122.36 -12.88
133 -14 122.36 -12.88
133 -14 122.36 -12.88
133 -14 122.36 -12.88
132 -14 121.44 -12.88
134 -14 123.28 -12.88
133 -14 122.36 -12.88
133 -14 122.36 -12.88
133 -14 122.36 -12.88
133 -14 122.36 -12.88
134 -14 123.28 -12.88
134 -14 123.28 -12.88
133 -14 122.36 -12.88
133 -14 122.36 -12.88
134 -14 123.28 -12.88
133 -15 122.36 -13.8
134 -13 123.28 -11.96
133 -15 122.36 -13.8
134 -14 123.28 -12.88
133 -14 122.36 -12.88
133 -15 122.36 -13.8
133 -13 122.36 -11.96
130 -10 119.6 -9.2
119 0 109.48 0.0
108 8 99.36 7.36
78 24 71.76 22.08
61 29 56.12 26.68
30 41 27.6 37.72
10 44 9.2 40.48
-9 47 -8.28 43.24
-27 47 -24.84 43.24
-36 49 -33.12 45.08
-66 46 -60.72 42.32
-84 43 -77.28 39.56
-119 33 -109.48 30.36
-136 28 -125.12 25.76
-167 13 -153.64 11.96
-179 7 -164.68 6.44
-195 -5 -179.4 -4.6
-201 -7 -184.92 -6.44
-218 -21 -200.56 -19.32
-230 -33 -211.6 -30.36
-252 -66 -231.84 -60.72
-261 -80 -240.12 -73.6
-272 -101 -250.24 -92.92
-275 -108 -253.0 -99.36
-280 -120 -257.6 -110.4
-288 -144 -264.96 -132.48
-291 -159 -267.72 -146.28
-295 -196 -271.4 -180.32
-295 -214 -271.4 -196.88
-291 -256 -267.72 -235.52
-287 -272 -264.04 -250.24
-279 -297 -256.68 -273.24
-275 -309 -253.0 -284.28
-261 -333 -240.12 -306.36
-253 -346 -232.76 -318.32
-241 -361 -221.72 -332.12
-234 -369 -215.28 -339.48
-222 -373 -204.24 -343.16
-210 -383 -193.2 -352.36
-183 -400 -168.36 -368.0
-173 -407 -159.16 -374.44
-165 -414 -151.8 -380.88
-158 -422 -145.36 -388.24
-158 -421 -145.36 -387.32
-154 -423 -141.68 -389.16
-148 -424 -136.16 -390.08
-131 -428 -120.52 -393.76
-121 -432 -111.32 -397.44
-104 -436 -95.68 -401.12
-109 -438 -100.28 -402.96
-141 -429 -129.72 -394.68
-158 -422 -145.36 -388.24
-185 -408 -170.2 -375.36
-195 -401 -179.4 -368.92
-214 -385 -196.88 -354.2
-221 -376 -203.32 -345.92
-238 -361 -218.96 -332.12
-246 -350 -226.32 -322.0
-257 -334 -236.44 -307.28
-277 -295 -254.84 -271.4
-285 -275 -262.2 -253.0
-294 -235 -270.48 -216.2
-296 -219 -272.32 -201.48
-296 -189 -272.32 -173.88
-294 -177 -270.48 -162.84
-291 -152 -267.72 -139.84
-287 -139 -264.04 -127.88
-274 -104 -252.08 -95.68
-267 -89 -245.64 -81.88
-247 -56 -227.24 -51.52
-235 -39 -216.2 -35.88
-205 -13 -188.6 -11.96
-192 1 -176.64 0.92
-178 11 -163.76 10.12
-156 25 -143.52 23.0
-142 30 -130.64 27.6
-114 41 -104.88 37.72
-93 45 -85.56 41.4
-61 48 -56.12 44.16
-40 51 -36.8 46.92
18 47 16.56 43.24
48 38 44.16 34.96
93 17 85.56 15.64
117 1 107.64 0.92
150 -26 138.0 -23.92
151 -30 138.92 -27.6
172 -56 158.24 -51.52
183 -72 168.36 -66.24
196 -99 180.32 -91.08
203 -118 186.76 -108.56
206 -132 189.52 -121.44
207 -131 190.44 -120.52
207 -131 190.44 -120.52
206 -132 189.52 -121.44
206 -132 189.52 -121.44
207 -132 190.44 -121.44
205 -132 188.6 -121.44
206 -132 189.52 -121.44
208 -136 191.36 -125.12
209 -140 192.28 -128.8
212 -162 195.04 -149.04
213 -189 195.96 -173.88
213 -194 195.96 -178.48
211 -222 194.12 -204.24
208 -239 191.36 -219.88
203 -256 186.76 -235.52
200 -261 184.0 -240.12
199 -269 183.08 -247.48
193 -284 177.56 -261.28
176 -315 161.92 -289.8
149 -347 137.08 -319.24
133 -365 122.36 -335.8
99 -390 91.08 -358.8
82 -399 75.44 -367.08
40 -418 36.8 -384.56
17 -424 15.64 -390.08
-28 -433 -25.76 -398.36
-45 -432 -41.4 -397.44
-81 -431 -74.52 -396.52
-102 -427 -93.84 -392.84
-134 -416 -123.28 -382.72
-148 -411 -136.16 -378.12
-158 -407 -145.36 -374.44
-174 -398 -160.08 -366.16
-181 -393 -166.52 -361.56
-189 -389 -173.88 -357.88
-197 -381 -181.24 -350.52
-205 -376 -188.6 -345.92
-206 -376 -189.52 -345.92
-205 -375 -188.6 -345.0
-206 -374 -189.52 -344.08
-204 -374 -187.68 -344.08
-200 -381 -184.0 -350.52
-180 -398 -165.6 -366.16
-173 -401 -159.16 -368.92
-162 -408 -149.04 -375.36
-148 -416 -136.16 -382.72
-109 -428 -100.28 -393.76
-85 -434 -78.2 -399.28
-63 -436 -57.96 -401.12
-16 -432 -14.72 -397.44
8 -427 7.36 -392.84
62 -414 57.04 -380.88
77 -407 70.84 -374.44
108 -384 99.36 -353.28
130 -368 119.6 -338.56
162 -343 149.04 -315.56
177 -327 162.84 -300.84
199 -288 183.08 -264.96
207 -273 190.44 -251.16
219 -237 201.48 -218.04
224 -213 206.08 -195.96
225 -172 207.0 -158.24
223 -152 205.16 -139.84
210 -109 193.2 -100.28
196 -79 180.32 -72.68
180 -53 165.6 -48.76
156 -23 143.52 -21.16
146 -16 134.32 -14.72
128 0 117.76 0.0
97 23 89.24 21.16
44 47 40.48 43.24
39 49 35.88 45.08
61 40 56.12 36.8
85 24 78.2 22.08
99 12 91.08 11.04
99 10 91.08 9.2
104 11 95.68 10.12
94 20 86.48 18.4
72 35 66.24 32.2
68 40 62.56 36.8
61 48 56.12 44.16
60 51 55.2 46.92
58 51 53.36 46.92
49 53 45.08 48.76
35 55 32.2 50.6
22 57 20.24 52.44
13 57 11.96 52.44
-12 57 -11.04 52.44
-16 58 -14.72 53.36
-19 57 -17.48 52.44
-19 56 -17.48 51.52
-21 56 -19.32 51.52
-25 55 -23.0 50.6
-24 55 -22.08 50.6
-25 55 -23.0 50.6
-24 54 -22.08 49.68
-24 55 -22.08 50.6
-25 55 -23.0 50.6
-25 54 -23.0 49.68
-24 54 -22.08 49.68
-25 55 -23.0 50.6
-25 54 -23.0 49.68
-24 55 -22.08 50.6
-24 55 -22.08 50.6
-23 55 -21.16 50.6
-25 54 -23.0 49.68
-25 55 -23.0 50.6
-25 55 -23.0 50.6
-24 54 -22.08 49.68
-25 54 -23.0 49.68
-24 54 -22.08 49.68
-24 54 -22.08 49.68
-25 54 -23.0 49.68
-25 55 -23.0 50.6
-25 54 -23.0 49.68
-24 54 -22.08 49.68
-25 56 -23.0 51.52
-25 56 -23.0 51.52
-25 55 -23.0 50.6
-25 55 -23.0 50.6
-26 55 -23.92 50.6
-25 55 -23.0 50.6
-24 55 -22.08 50.6
-25 55 -23.0 50.6
-25 54 -23.0 49.68
-25 55 -23.0 50.6
-25 55 -23.0 50.6
-25 54 -23.0 49.68
-25 56 -23.0 51.52
-24 54 -22.08 49.68
-25 54 -23.0 49.68
-24 54 -22.08 49.68
-24 54 -22.08 49.68
-24 54 -22.08 49.68
-25 53 -23.0 48.76
-24 54 -22.08 49.68
-24 55 -22.08 50.6
-24 54 -22.08 49.68
-25 54 -23.0 49.68
-24 54 -22.08 49.68
-26 54 -23.92 49.68
-25 54 -23.0 49.68
-25 55 -23.0 50.6
-25 54 -23.0 49.68
-24 55 -22.08 50.6
-25 54 -23.0 49.68
-25 55 -23.0 50.6
-24 54 -22.08 49.68
-25 55 -23.0 50.6
-25 54 -23.0 49.68
-25 55 -23.0 50.6
-23 55 -21.16 50.6
-26 54 -23.92 49.68
-24 53 -22.08 48.76
-25 55 -23.0 50.6
-25 55 -23.0 50.6
-25 54 -23.0 49.68
-25 55 -23.0 50.6
-25 54 -23.0 49.68
-24 55 -22.08 50.6
-24 54 -22.08 49.68
-25 55 -23.0 50.6
-24 54 -22.08 49.68
-23 54 -21.16 49.68
-24 54 -22.08 49.68
-25 54 -23.0 49.68
-24 55 -22.08 50.6
-24 54 -22.08 49.68
-24 54 -22.08 49.68
-24 55 -22.08 50.6
-25 54 -23.0 49.68
-25 54 -23.0 49.68
-26 55 -23.92 50.6
-25 55 -23.0 50.6
-25 55 -23.0 50.6
-25 54 -23.0 49.68
-24 53 -22.08 48.76
-25 54 -23.0 49.68
-25 55 -23.0 50.6
-25 53 -23.0 48.76
-25 55 -23.0 50.6
-24 54 -22.08 49.68
-24 54 -22.08 49.68
-25 54 -23.0 49.68
-24 55 -22.08 50.6
-25 54 -23.0 49.68
-25 54 -23.0 49.68
-25 55 -23.0 50.6
-25 54 -23.0 49.68
-26 54 -23.92 49.68
-24 54 -22.08 49.68
-25 56 -23.0 51.52
-25 56 -23.0 51.52
-24 54 -22.08 49.68
-24 54 -22.08 49.68
-24 55 -22.08 50.6
-25 53 -23.0 48.76
-24 56 -22.08 51.52
-25 55 -23.0 50.6
-25 54 -23.0 49.68
-25 54 -23.0 49.68
-25 55 -23.0 50.6
-25 55 -23.0 50.6
-25 54 -23.0 49.68
-25 54 -23.0 49.68
-25 55 -23.0 50.6
-24 55 -22.08 50.6
-24 55 -22.08 50.6
-24 55 -22.08 50.6
-25 55 -23.0 50.6
-24 54 -22.08 49.68
-25 54 -23.0 49.68
-25 55 -23.0 50.6
-25 55 -23.0 50.6
-25 53 -23.0 48.76
-25 54 -23.0 49.68
-24 55 -22.08 50.6
-25 55 -23.0 50.6
-25 55 -23.0 50.6
-25 54 -23.0 49.68
-25 54 -23.0 49.68
-25 55 -23.0 50.6
-25 55 -23.0 50.6
-24 55 -22.08 50.6
-24 54 -22.08 49.68
-25 55 -23.0 50.6
-23 53 -21.16 48.76
-25 54 -23.0 49.68
-25 54 -23.0 49.68
-24 54 -22.08 49.68
-23 54 -21.16 49.68
-25 56 -23.0 51.52
-24 55 -22.08 50.6
-24 54 -22.08 49.68
-24 54 -22.08 49.68
-23 55 -21.16 50.6
-25 54 -23.0 49.68
-24 55 -22.08 50.6
-26 54 -23.92 49.68
-24 54 -22.08 49.68
-26 54 -23.92 49.68
-24 55 -22.08 50.6
-24 55 -22.08 50.6
-24 54 -22.08 49.68
-24 54 -22.08 49.68
-25 55 -23.0 50.6
-25 55 -23.0 50.6
-24 53 -22.08 48.76
-25 55 -23.0 50.6
-24 54 -22.08 49.68
-23 54 -21.16 49.68
-24 54 -22.08 49.68
-25 54 -23.0 49.68
-25 54 -23.0 49.68
-24 55 -22.08 50.6
-24 55 -22.08 50.6
-25 54 -23.0 49.68
-24 54 -22.08 49.68
-24 54 -22.08 49.68
-24 55 -22.08 50.6
-24 54 -22.08 49.68
-25 54 -23.0 49.68
-24 55 -22.08 50.6
-25 54 -23.0 49.68
-25 55 -23.0 50.6
-25 55 -23.0 50.6
-26 56 -23.92 51.52
-24 54 -22.08 49.68
-25 55 -23.0 50.6
-25 54 -23.0 49.68
-24 55 -22.08 50.6
-26 54 -23.92 49.68
-25 56 -23.0 51.52
-25 54 -23.0 49.68
-25 55 -23.0 50.6
-24 54 -22.08 49.68
-24 55 -22.08 50.6
-25 54 -23.0 49.68
-25 54 -23.0 49.68
-24 54 -22.08 49.68
-24 55 -22.08 50.6
-24 54 -22.08 49.68
-25 56 -23.0 51.52
-25 55 -23.0 50.6
-26 55 -23.92 50.6
-25 54 -23.0 49.68
-24 54 -22.08 49.68
-25 55 -23.0 50.6
-26 54 -23.92 49.68
-25 53 -23.0 48.76
-25 55 -23.0 50.6
-24 55 -22.08 50.6
-25 55 -23.0 50.6
-25 54 -23.0 49.68
-23 54 -21.16 49.68
-24 54 -22.08 49.68
-25 54 -23.0 49.68
-25 55 -23.0 50.6
-25 54 -23.0 49.68
-25 55 -23.0 50.6
-25 55 -23.0 50.6
-24 54 -22.08 49.68
-24 54 -22.08 49.68
-25 54 -23.0 49.68
-25 55 -23.0 50.6
-26 54 -23.92 49.68
-25 54 -23.0 49.68
-25 54 -23.0 49.68
-24 54 -22.08 49.68
-25 55 -23.0 50.6
-24 55 -22.08 50.6
-24 55 -22.08 50.6
-25 54 -23.0 49.68
-25 54 -23.0 49.68
-25 54 -23.0 49.68
-25 54 -23.0 49.68
-27 54 -24.84 49.68
-23 55 -21.16 50.6
-24 54 -22.08 49.68
-23 54 -21.16 49.68
-24 56 -22.08 51.52
-24 55 -22.08 50.6
-25 54 -23.0 49.68
-25 54 -23.0 49.68
-25 55 -23.0 50.6
-24 54 -22.08 49.68
-25 54 -23.0 49.68
-24 55 -22.08 50.6
-25 55 -23.0 50.6
-24 55 -22.08 50.6
-25 55 -23.0 50.6
-24 55 -22.08 50.6
-25 55 -23.0 50.6
-25 54 -23.0 49.68
-26 55 -23.92 50.6
-25 55 -23.0 50.6
-25 54 -23.0 49.68
-25 55 -23.0 50.6
-24 54 -22.08 49.68
-24 55 -22.08 50.6
-25 54 -23.0 49.68
-25 53 -23.0 48.76
-25 55 -23.0 50.6
-24 54 -22.08 49.68
-26 54 -23.92 49.68
-25 53 -23.0 48.76
-25 54 -23.0 49.68
-24 54 -22.08 49.68
-24 54 -22.08 49.68
-24 55 -22.08 50.6
-24 55 -22.08 50.6
-25 54 -23.0 49.68
-24 54 -22.08 49.68
-24 54 -22.08 49.68
-24 56 -22.08 51.52
-25 54 -23.0 49.68
-25 54 -23.0 49.68
-25 54 -23.0 49.68
-24 54 -22.08 49.68
-24 55 -22.08 50.6
-25 55 -23.0 50.6
-25 53 -23.0 48.76
-24 55 -22.08 50.6
